@222222222222222222222222222222222222222222222222222222222222222222222222222222222222212221222222222222222222222222222222222222222222222222222222222222222222222222222222222222222222222222222222222222222222222222222222222222222222222222222222222222222222222222
2222222222222222222222222222222222222222222222222222222222222222222222222222222222222202220212212222122222222222222222222222222222222222222222222222222222222222222222222222222222222222222222222222222222222222222222222222222222222222222222222222222222222222222
2222222222222222222222222222222222222222222222222222222222222222222222222222222222222002220202202220001212222222222222222222222222222222222222222222222222222222222222222222222222222222222222222222222222222222222222222222222222222222222222222222222222222222222
2222222222222222222222222222222222222222222222222222222222222222222222222222222222222022220202002220202202222222222222222222222222222222222222222222222222222222222222222222222222222222222222222222222222222222222222222222222222222222222222222222222222222222222
2222222222222222222222222222222222222222222222222222222222222222222222222222222222222022220202022220202002222222222222222222222222222222222222222222222222222222222222222222222222222222222222222222222222222222222222222222222222222222222222222222222222222222222
2222222222222222222222222222222222222222222222222222222222222222222222222222222222222022220202022220202022222222222222222222222222222222222222222222222222222222222222222222222222222222222222222222222222222222222222222222222222222222222222222222222222222222222
2222222222222222222222222222222222222222222222222222222222222222222222222222222222222022220202022220202022222222222222222222222222222222222222222222222222222222222222222222222222222222222222222222222222222222222222222222222222222222222222222222222222222222222
2222222222222222222222222222222222222222222222222222222222222222222222222222222222222022220202022200202022222222222222222222222222222222222222222222222222222222222222222222222222222222222222222222222222222222222222222222222222222222222222222222222222222222222
2222222222222222222222222222222222222222222222222222222222222222222222222222222222222022200002022202002022222222222222222222222222222222222222222222222222222222222222222222222222222222222222222222222222222222222222222222222222222222222222222222222222222222222
2222222222222222222222222222222222222222222222222222222222222222222222222222222222222022202022022202020022222222222222222222222222222222222222222222222222222222222222222222222222222222222222222222222222222222222222222222222222222222222222222222222222222222222
2222222222222222222222222222222222222222222222222222222222222222222222222222222222222022202020022202020222222222222222222222222222222222222222222222222222222222222222222222222222222222222222222222222222222222222222222222222222222222222222222222222222222222222
2222222222222222222222222222222222222222222222222222222222222222222222222222222222222022202020222202020222222222222222222222222222222222222222222222222222222222222222222222222222222222222222222222222222222222222222222222222222222222222222222222222222222222222
2222222222222222222222222222222222222222222222222222222222222222222222222222222222220022202020222202020222222222222222222222222222222222222222222222222222222222222222222222222222222222222222222222222222222222222222222222222222222222222222222222222222222222222
2222222222222222222222222222222222222222222222222222222222222222222222222222222222220222202020222000020222222222222222222222222222222222222222222222222222222222222222222222222222222222222222222222222222222222222222222222222222222222222222222222222222222222222
2222222222222222222222222222222222222222222222222222222222222222222222222222222222220222202020222020200222222222222222222222222222222222222222222222222222222222222222222222222222222222222222222222222222222222222222222222222222222222222222222222222222222222222
2222222222222222222222222222222222222222222222222222222222222222222222222222222222220222000020222020202222222222222222222222222222222222222222222222222222222222222222222222222222222222222222222222222222222222222222222222222222222222222222222222222222222222222
2222222222222222222222222222222222222222222222222222222222222222222222222222222222220222020200222020202222222222222222222222222222222222222222222222222222222222222222222222222222222222222222222222222222222222222222222222222222222222222222222222222222222222222
2222222222222222222222222222222222222222222222222222222222222222222222222222222222220222020202222020202222222222222222222222222222222222222222222222222222222222222222222222222222222222222222222222222222222222222222222222222222222222222222222222222222222222222
2222222222222222222222222222222222222222222222222222222222222222222222222222222222220222020202220000202222222222222222222222222222222222222222222222222222222222222222222222222222222222222222222222222222222222222222222222222222222222222222222222222222222222222
2222222222222222222222222222222222222222222222222222222222222222222222222222222222220222020202220202002222222222222222222222222222222222222222222222222222222222222222222222222222222222222222222222222222222222222222222222222222222222222222222222222222222222222
2222222222222222222222222222222222222222222222222222222222222222222222222222222222220222020202220202022222222222222222222222222222222222222222222222222222222222222222222222222222222222222222222222222222222222222222222222222222222222222222222222222222222222222
2222222222222222222222222222222222222222222222222222222222222222222222222222222222220222020202220202022222222222222222222222222222222222222222222222222222222222222222222222222222222222222222222222222222222222222222222222222222222222222222222222222222222222222
2222222222222222222222222222222222222222222222222222222222222222222222222222222222200222000202220202022222222222222222222222222222222222222222222222222222222222222222222222222222222222222222222222222222222222222222222222222222222222222222222222222222222222222
2222222222222222222222222222222222222222222222222222222222222222222222222222222222202220002002220000022222222222222222222222222222222222222222222222222222222222222222222222222222222222222222222222222222222222222222222222222222222222222222222222222222222222222
2222222222222222222222222222222222222222222222222222222222222222222222222222222222202220202022200020222222222222222222222222222222222222222222222222222222222222222222222222222222222222222222222222222222222222222222222222222222222222222222222222222222222222222
2222222222222222222222222222222222222222222222222222222222222222222222222222222222202220202022202020222222222222222222222222222222222222222222222222222222222222222222222222222222222222222222222222222222222222222222222222222222222222222222222222222222222222222
2222222222222222222222222222222222222222222222222222222222222222222222222222222222202220202022202020222222222222222222222222222222222222222222222222222222222222222222222222222222222222222222222222222222222222222222222222222222222222222222222222222222222222222
2222222222222222222222222222222222222222222222222222222222222222222222222222222222202220202022202020222222222222222222222222222222222222222222222222222222222222222222222222222222222222222222222222222222222222222222222222222222222222222222222222222222222222222
2222222222222222222222222222222222222222222222222222222222222222222222222222222222202220202022200000222222222222222222222222222222222222222222222222222222222222222222222222222222222222222222222222222222222222222222222222222222222222222222222222222222222222222
2222222222222222222222222222222222222222222222222222222222222222222222222222222222202220000022000202222222222222222222222222222222222222222222222222222222222222222222222222222222222222222222222222222222222222222222222222222222222222222222222222222222222222222
2222222222222222222222222222222222222222222222222222222222222222222222222222222222202220020222020202222222222222222222222222222222222222222222222222222222222222222222222222222222222222222222222222222222222222222222222222222222222222222222222222222222222222222
2222222222222222222222222222222222222222222222222222222222222222222222222222222222202200020222020202222222222222222222222222222222222222222222222222222222222222222222222222222222222222222222222222222222222222222222222222222222222222222222222222222222222222222
2222222222222222222222222222222222222222222222222222222222222222222222222222222222002202020222020202222222222222222222222222222222222222222222222222222222222222222222222222222222222222222222222222222222222222222222222222222222222222222222222222222222222222222
2222222222222222222222222222222222222222222222222222222222222222222222222222222222022202020222000002222222222222222222222222222222222222222222222222222222222222222222222222222222222222222222222222222222222222222222222222222222222222222222222222222222222222222
2222222222222222222222222222222222222222222222222222222222222222222222222222222222022202020222002022222222222222222222222222222222222222222222222222222222222222222222222222222222222222222222222222222222222222222222222222222222222222222222222222222222222222222
2222222222222222222222222222222222222222222222222222222222222222222222222222222222022202000220002022222222222222222222222222222222222222222222222222222222222222222222222222222222222222222222222222222222222222222222222222222222222222222222222222222222222222222
2222222222222222222222222222222222222222222222222222222222222222222222222222222222022200002220202022222222222222222222222222222222222222222222222222222222222222222222222222222222222222222222222222222222222222222222222222222222222222222222222222222222222222222
2222222222222222222222222222222222222222222222222222222222222222222222222222222222022200202220202022222222222222222222222222222222222222222222222222222222222222222222222222222222222222222222222222222222222222222222222222222222222222222222222222222222222222222
2222222222222222222222222222222222222222222222222222222222222222222222222222222222022200202220000022222222222222222222222222222222222222222222222222222222222222222222222222222222222222222222222222222222222222222222222222222222222222222222222222222222222222222
2222222222222222222222222222222222222222222222222222222222222222222222222222222222022000202220020222222222222222222222222222222222222222222222222222222222222222222222222222222222222222222222222222222222222222222222222222222222222222222222222222222222222222201
2222222222222222222222222222222222222222222222222222222222222222222222222222222222022020202200020222222222222222222222222222222222222222222222222222222222222222222222222222222222222222222222222222222222222222222222222222222222222222222222222222222222222222002
2222222222222222222222222222222222222222222222222222222222222222222222222222222222022020202202020222222222222222222222222222222222222222222222222222222222222222222222222222222222222222222222222222222222222222222222222222222222222222222222222222222222222220022
2222222222222222222222222222222222222222222222222222222222222222222222222222222220022020002202000222222222222222222222222222222222222222222222222222222222222222222222222222222222222222222222222222222222222222222222222222222222222222222222222222222222222000222
2222222222222222222222222222222222222222222222222222222222222222222222222222222220222000022200002222222222222222222222222222222222222222222222222222222222222222222222222222222222222222222222222222222222222222222222222222222222222222222222222222222222220022201
2222222222222222222222222222222222222222222222222222222222222222222222222222222220222002022200202222222222222222222222222222222222222222222222222222222222222222222222222222222222222222222222222222222222222222222222222222222222222222222222222222222222200220002
2222222222222222222222222222222222222222222222222222222222222222222222222222222220222002022200202222222222222222222222222222222222222222222222222222222222222222222222222222222222222222222222222222222222222222222222222222222222222222222222222222222222002200222
2222222222222222222222222222222222222222222222222222222222222222222222222222222220222002022000202222222222222222222222222222222222222222222222222222222222222222222222222222222222222222222222222222222222222222222222222222222222222222222222222222222200022002222
2222222222222222222222222222222222222222222222222222222222222222222222222222222220220002022020002222222222222222222222222222222222222222222222222222222222222222222222222222222222222222222222222222222222222222222222222222222222222222222222222222222002200022222
2222222222222222222222222222222222222222222222222222222222222222222222222222222220220200022000022222222222222222222222222222222222222222222222222222222222222222222222222222222222222222222222222222222222222222222222222222222222222222222222222222220022002222222
2222222222222222222222222222222222222222222222222222222222222222222222222222222220220200222002022222222222222222222222222222222222222222222222222222222222222222222222222222222222222222222222222222222222222222222222222222222222222222222222222222000220022222222
2222222222222222222222222222222222222222222222222222222222222222222222222222222220220000222002022222222222222222222222222222222222222222222222222222222222222222222222222222222222222222222222222222222222222222222222222222222222222222222222222220022000222222222
2222222222222222222222222222222222222222222222222222222222222222222222222222222220220020220002022222222222222222222222222222222222222222222222222222222222222222222222222222222222222222222222222222222222222222222222222222222222222222222222222200220022222222222
2222222222222222222222222222222222222222222222222222222222222222222222222222222200220020220200022222222222222222222222222222222222222222222222222222222222222222222222222222222222222222222222222222222222222222222222222222222222222222222222220002200222222222222
2222222222222222222222222222222222222222222222222222222222222222222222222222222202220020220000222222222222222222222222222222222222222222222222222222222222222222222222222222222222222222222222222222222222222222222222222222222222222222222222200220002222222222222
2222222222222222222222222222222222222222222222222222222222222222222222222222222202220020220020222222222222222222222222222222222222222222222222222222222222222222222222222222222222222222222222222222222222222222222222222222222222222222222222002200222222222222222
2222222222222222222222222222222222222222222222222222222222222222222222222222222202200000220020222222222222222222222222222222222222222222222222222222222222222222222222222222222222222222222222222222222222222222222222222222222222222222222200022002222222222222222
2222222222222222222222222222222222222222222222222222222222222222222222222222222202202002200020222222222222222222222222222222222222222222222222222222222222222222222222222222222222222222222222222222222222222222222222222222222222222222222002200022222222222222222
2222222222222222222222222222222222222222222222222222222222222222222222222222222202202002202000222222222222222222222222222222222222222222222222222222222222222222222222222222222222222222222222222222222222222222222222222222222222222222220022002222222222222222222
2222222222222222222222222222222222222222222222222222222222222222222222222222222202200002202002222222222222222222222222222222222222222222222222222222222222222222222222222222222222222222222222222222222222222222222222222222222222222222200220022222222222222222222
2222222222222222222222222222222222222222222222222222222222222222222222222222222202200202200002222222222222222222222222222222222222222222222222222222222222222222222222222222222222222222222222222222222222222222222222222222222222222220002000222222222222222222222
2222222222222222222222222222222222222222222222222222222222222222222222222222222202200202200202222222222222222222222222222222222222222222222222222222222222222222222222222222222222222222222222222222222222222222222222222222222222222200220022222222222222222222222
2222222222222222222222222222222222222222222222222222222222222222222222222222222202200002200002222222222222222222222222222222222222222222222222222222222222222222222222222222222222222222222222222222222222222222222222222222222222222002000222222222222222222222222
2222222222222222222222222222222222222222222222222222222222222222222222222222222002000022000022222222222222222222222222222222222222222222222222222222222222222222222222222222222222222222222222222222222222222222222222222222222222200020022222222222222222222222222
2222222222222222222222222222222222222222222222222222222222222222222222222222222022020022020022222222222222222222222222222222222222222222222222222222222222222222222222222222222222222222222222222222222222222222222222222222222222002200222222222222222222222222222
2222222222222222222222222222222222222222222222222222222222222222222222222222222022020022000022222222222222222222222222222222222222222222222222222222222222222222222222222222222222222222222222222222222222222222222222222222222220020002222222222222222222222222222
2222222222222222222222222222222222222222222222222222222222222222222222222222222022000022002022222222222222222222222222222222222222222222222222222222222222222222222222222222222222222222222222222222222222222222222222222222222000200222222222222222222222222222222
2222222222222222222222222222222222222222222222222222222222222222222222222222222022002022000022222222222222222222222222222222222222222222222222222222222222222222222222222222222222222222222222222222222222222222222222222222220022002222222222222222222222222222222
2222222222222222222222222222222222222222222222222222222222222222222222222222222022002020000222222222222222222222222222222222222222222222222222222222222222222222222222222222222222222222222222222222222222222222222222222222200200022222222222222222222222222222222
2222222222222222222222222222222222222222222222222222222222222222222222222222222022000020200222222222222222222222222222222222222222222222222222222222222222222222222222222222222222222222222222222222222222222222222222222220002002222222222222222222222222222222222
2222222222222222222222222222222222222222222222222222222222222222222222222222222022000220000222222222222222222222222222222222222222222222222222222222222222222222222222222222222222222222222222222222222222222222222222222200220022222222222222222222222222222222222
2222222222222222222222222222222222222222222222222222222222222222222222222222222020000220020222222222222222222222222222222222222222222222222222222222222222222222222222222222222222222222222222222222222222222222222222222002000222222222222222222222222222222222222
2222222222222222222222222222222222222222222222222222222222222222222222222222222020200220000222222222222222222222222222222222222222222222222222222222222222222222222222222222222222222222222222222222222222222222222222220020022222222222222222222222222222222222222
2222222222222222222222222222222222222222222222222222222222222222222222222222220020000220002222222222222222222222222222222222222222222222222222222222222222222222222222222222222222222222222222222222222222222222222222000200222222222222222222222222222222222222222
2222222222222222222222222222222222222222222222222222222222222222222222222222220220020200002222222222222222222222222222222222222222222222222222222222222222222222222222222222222222222222222222222222222222222222222220020002222222222222222222222222222222222222222
2222222222222222222222222222222222222222222222222222222222222222222222222222220220000200002222222222222222222222222222222222222222222222222222222222222222222222222222222222222222222222222222222222222222222222222200200222222222222222222222222222222222222222222
2222222222222222222222222222222222222222222222222222222222222222222222222222220220002200202222222222222222222222222222222222222222222222222222222222222222222222222222222222222222222222222222222222222222222222220002002222222222222222222222222222222222222222222
2222222222222222222222222222222222222222222222222222222222222222222222222222220220002200002222222222222222222222222222222222222222222222222222222222222222222222222222222222222222222222222222222222222222222222200200022222222222222222222222222222222222222222222
2222222222222222222222222222222222222222222222222222222222222222222222222222220220002200022222222222222222222222222222222222222222222222222222222222222222222222222222222222222222222222222222222222222222222222002002222222222222222222222222222222222222222222222
2222222222222222222222222222222222222222222222222222222222222222222222222222220200002000022222222222222222222222222222222222222222222222222222222222222222222222222222222222222222222222222222222222222222222200020022222222222222222222222222222222222222222222222
2222222222222222222222222222222222222222222222222222222222222222222222222222220200002000022222222222222222222222222222222222222222222222222222222222222222222222222222222222222222222222222222222222222222222002000222222222222222222222222222222222222222222222222
2222222222222222222222222222222222222222222222222222222222222222222222222222220200202000022222222222222222222222222222222222222222222222222222222222222222222222222222222222222222222222222222222222222222220020022222222222222222222222222222222222222222222222222
2222222222222222222222222222222222222222222222222222222222222222222222222222220200002000222222222222222222222222222222222222222222222222222222222222222222222222222222222222222222222222222222222222222222000200222222222222222222222222222222222222222222222222222
2222222222222222222222222222222222222222222222222222222222222222222222222222200200022000222222222222222222222222222222222222222222222222222222222222222222222222222222222222222222222222222222222222222220020002222222222222222222222222222222222222222222222222222
2222222222222222222222222222222222222222222222222222222222222222222222222222202200022000222222222222222222222222222222222222222222222222222222222222222222222222222222222222222222222222222222222222222200200222222222222222222222222222222222222222222222222222222
2222222222222222222222222222222222222222222222222222222222222222222222222222202200020000222222222222222222222222222222222222222222222222222222222222222222222222222222222222222222222222222222222222222002002222222222222222222222222222222222222222222222222222222
2222222222222222222222222222222222222222222222222222222222222222222222222222202200020000222222222222222222222222222222222222222222222222222222222222222222222222222222222222222222222222222222222222200000022222222222222222222222222222222222222222222222222222222
2222222222222222222222222222222222222222222222222222222222222222222222222222202000020002222222222222222222222222222222222222222222222222222222222222222222222222222222222222222222222222222222222222002002222222222222222222222222222222222222222222222222222222222
2222222222222222222222222222222222222222222222222222222222222222222222222222202000020002222222222222222222222222222222222222222222222222222222222222222222222222222222222222222222222222222222222220020022222222222222222222222222222222222222222222222222222222222
2222222222222222222222222222222222222222222222222222222222222222222222222222202000220002222222222222222222222222222222222222222222222222222222222222222222222222222222222222222222222222222222222000000222222222222222222222222222222222222222222222222222222222222
2222222222222222222222222222222222222222222222222222222222222222222222222222202000200002222222222222222222222222222222222222222222222222222222222222222222222222222222222222222222222222222222220020022222222222222222222222222222222222222222222222222222222222222
2222222222222222222222222222222222222222222222222222222222222222222222222222202000200002222222222222222222222222222222222222222222222222222222222222222222222222222222222222222222222222222222200200222222222222222222222222222222222222222222222222222222222222222
2222222222222222222222222222222222222222222222222222222222222222222222222222202000200022222222222222222222222222222222222222222222222222222222222222222222222222222222222222222222222222222220000002222222222222222222222222222222222222222222222222222222222222222
2222222222222222222222222222222222222222222222222222222222222222222222222222002000200022222222222222222222222222222222222222222222222222222222222222222222222222222222222222222222222222222200200222222222222222222222222222222222222222222222222222222222222222222
2222222222222222222222222222222222222222222222222222222222222222222222222222022000200022222222222222222222222222222222222222222222222222222222222222222222222222222222222222222222222222222002002222222222222222222222222222222222222222222222222222222222222222222
2222222222222222222222222222222222222222222222222222222222222222222222222222020000200022222222222222222222222222222222222222222222222222222222222222222222222222222222222222222222222222200000022222222222222222222222222222222222222222222222222222222222222222222
2222222222222222222222222222222222222222222222222222222222222222222222222222020002000022222222222222222222222222222222222222222222222222222222222222222222222222222222222222222222222222002002222222222222222222222222222222222222222222222222222222222222222222222
2222222222222222222222222222222222222222222222222222222222222222222222222222020002000222222222222222222222222222222222222222222222222222222222222222222222222222222222222222222222222220020022222222222222222222222222222222222222222222222222222222222222222222222
2222222222222222222222222222222222222222222222222222222222222222222222222222020002000222222222222222222222222222222222222222222222222222222222222222222222222222222222222222222222222200000222222222222222222222222222222222222222222222222222222222222222222222222
2222222222222222222222222222222222222222222222222222222222222222222222222222020002000222222222222222222222222222222222222222222222222222222222222222222222222222222222222222222222220000022222222222222222222222222222222222222222222222222222222222222222222222222
2222222222222222222222222222222222222222222222222222222222222222222222222222020002000222222222222222222222222222222222222222222222222222222222222222222222222222222222222222222222200200222222222222222222222222222222222222222222222222222222222222222222222222222
2222222222222222222222222222222222222222222222222222222222222222222222222222020000002222222222222222222222222222222222222222222222222222222222222222222222222222222222222222222222000002222222222222222222222222222222222222222222222222222222222222222222222222222
2222222222222222222222222222222222222222222222222222222222222222222222222222000020002222222222222222222222222222222222222222222222222222222222222222222222222222222222222222222200000222222222222222222222222222222222222222222222222222222222222222222222222222222
2222222222222222222222222222222222222222222222222222222222222222222222222220000020002222222222222222222222222222222222222222222222222222222222222222222222222222222222222222222000002222222222222222222222222222222222222222222222222222222222222222222222222222222
2222222222222222222222222222222222222222222222222222222222222222222222222220200020002222222222222222222222222222222222222222222222222222222222222222222222222222222222222222220000222222222222222222222222222222222222222222222222222222222222222222222222222222222
2222222222222222222222222222222222222222222222222222222222222222222222222220200020002222222222222222222222222222222222222222222222222222222222222222222222222222222222222222000002222222222222222222222222222222222222222222222222222222222222222222222222222222222
2222222222222222222222222222222222222222222222222222222222222222222222222220200020022222222222222222222222222222222222222222222222222222222222222222222222222222222222222220000022222222222222222222222222222222222222222222222222222222222222222222222222222222222
2222222222222222222222222222222222222222222222222222222222222222222222222220200000022222222222222222222222222222222222222222222222222222222222222222222222222222222222222200002222222222222222222222222222222222222222222222222222222222222222222222222222222222222
2222222222222222222222222222222222222222222222222222222222222222222222222220200000022222222222222222222222222222222222222222222222222222222222222222222222222222222222222000022222222222222222222222222222222222222222222222222222222222222222222222222222222222222
2222222222222222222222222222222222222222222222222222222222222222222222222220200200022222222222222222222222222222222222222222222222222222222222222222222222222222222222200000222222222222222222222222222222222222222222222222222222222222222222222222222222222222222
2222222222222222222222222222222222222222222222222222222222222222222222222220000200022222222222222222222222222222222222222222222222222222222222222222222222222222222222000022222222222222222222222222222222222222222222222222222222222222222222222222222222222222222
2222222222222222222222222222222222222222222222222222222222222222222222222220000200222222222222222222222222222222222222222222222222222222222222222222222222222222222220000222222222222222222222222222222222222222222222222222222222222222222222222222222222222222222
2222222222222222222222222222222222222222222222222222222222222222222222222220000000222222222222222222222222222222222222222222222222222222222222222222222222222222222000002222222222222222222222222222222222222222222222222222222222222222222222222222222222222222222
2222222222222222222222222222222222222222222222222222222222222222222222222200000000222222222222222222222222222222222222222222222222222222222222222222222222222222220000222222222222222222222222222222222222222222222222222222222222222222222222222222222222222222222
2222222222222222222222222222222222222222222222222222222222222222222222222202000000222222222222222222222222222222222222222222222222222222222222222222222222222222200002222222222222222222222222222222222222222222222222222222222222222222222222222222222222222222222
2222222222222222222222222222222222222222222222222222222222222222222222222202002000222222222222222222222222222222222222222222222222222222222222222222222222222220000022222222222222222222222222222222222222222222222222222222222222222222222222222222222222222222222
2222222222222222222222222222222222222222222222222222222222222222222222222202002002222222222222222222222222222222222222222222222222222222222222222222222222222200002222222222222222222222222222222222222222222222222222222222222222222222222222222222222222222222222
2222222222222222222222222222222222222222222222222222222222222222222222222202000002222222222222222222222222222222222222222222222222222222222222222222222222222000022222222222222222222222222222222222222222222222222222222222222222222222222222222222222222222222222
2222222222222222222222222222222222222222222222222222222222222222222222222200000002222222222222222222222222222222222222222222222222222222222222222222222222200000222222222222222222222222222222222222222222222222222222222222222222222222222222222222222222222222222
2222222222222222222222222222222222222222222222222222222222222222222222222200000002222222222222222222222222222222222222222222222222222222222222222222222222000022222222222222222222222222222222222222222222222222222222222222222222222222222222222222222222222222222
2222222222222222222222222222222222222222222222222222222222222222222222222200000022222222222222222222222222222222222222222222222222222222222222222222222220000222222222222222222222222222222222222222222222222222222222222222222222222222222222222222222222222222222
2222222222222222222222222222222222222222222222222222222222222222222222222200000022222222222222222222222222222222222222222222222222222222222222222222222200002222222222222222222222222222222222222222222222222222222222222222222222222222222222222222222222222222222
2222222222222222222222222222222222222222222222222222222222222222222222222200020022222222222222222222222222222222222222222222222222222222222222222222220000222222222222222222222222222222222222222222222222222222222222222222222222222222222222222222222222222222222
2222222222222222222222222222222222222222222222222222222222222222222222222000000022222222222222222222222222222222222222222222222222222222222222222222200002222222222222222222222222222222222222222222222222222222222222222222222222222222222222222222222222222222222
2222222222222222222222222222222222222222222222222222222222222222222222222020000022222222222222222222222222222222222222222222222222222222222222222222000022222222222222222222222222222222222222222222222222222222222222222222222222222222222222222222222222222222222
2222222222222222222222222222222222222222222222222222222222222222222222222020000222222222222222222222222222222222222222222222222222222222222222222200002222222222222222222222222222222222222222222222222222222222222222222222222222222222222222222222222222222222222
2222222222222222222222222222222222222222222222222222222222222222222222222000000222222222222222222222222222222222222222222222222222222222222222222000022222222222222222222222222222222222222222222222222222222222222222222222222222222222222222222222222222222222222
2222222222222222222222222222222222222222222222222222222222222222222222222000000222222222222222222222222222222222222222222222222222222222222222220000222222222222222222222222222222222222222222222222222222222222222222222222222222222222222222222222222201222222222
2222222222222222222222222222222222222222222222222222222222222222222222222000000222222222222222222222222222222222222222222222222222222222222222000022222222222222222222222222222222222222222222222222222222222222222222222222222222222222222222222222000002222222222
2222222222222222222222222222222222222222222222222222222222222222222222222000000222222222222222222222222222222222222222222222222222222222222220000222222222222222222222222222222222222222222222222222222222222222222222222222222222222222222222200000022222222222222
2222222222222222222222222222222222222222222222222222222222222222222222222000002222222222222222222222222222222222222222222222222222222222222200002222222222222222222222222222222222222222222222222222222222222222222222222222222222222222222000002222222201222222222
2222222222222222222222222222222222222222222222222222222222222222222222222000002222222222222222222222222222222222222222222222222222222222220000222222222222222222222222222222222222222222222222222222222222222222222222222222222222222200000022222220000002222222222
2222222222222222222222222222222222222222222222222222222222222222222222222000002222222222222222222222222222222222222222222222222222222222200002222222222222222222222222222222222222222222222222222222222222222222222222222222222222000002222222000000222222222222222
2222222222222222222222222222222222222222222222222222222222222222222222222000002222222222222222222222222222222222222222222222222222222222000022222222222222222222222222222222222222222222222222222222222222222222222222222222220000022222220000022222222222222222222
2222222222222222222222222222222222222222222222222222222222222222222222220000002222222222222222222222222222222222222222222222222222222220002222222222222222222222222222222222222222222222222222222222222222222222222222222000000222222000000222222222222222222222222
2222222222222222222222222222222222222222222222222222222222222222222222220000022222222222222222222222222222222222222222222222222222222000022220012222222222222222222222222222222222222222222222222222222222222222222220000022222200000022222222222222222222222222222
2222222222222222222222222222222222222222222222222222222222222222222222220000022222222222222222222222222222222222222222222222222222220000222200001222222222222222222222222222222222222222222222222222222222222222000000222220000002222222222222222222222222222222222
2222222222222222222222222222222222222222222222222222222222222222222222220000022222222222222222222222222222222222222222222222222222200022220000002222222222222222222222222222222222222222222222222222222222220000022222200000222222222222222222222222222222222222222
2222222222222222222222222222222222222222222222222222222222222222222222220000022222222222222222222222222222222222222222222222222220000222200000222222222222222222222220001222222222222222222222222222222200000222220000002222222222222222222222222222222222222222222
2222222222222222222222222222222222222222222222222222222222222222222222220000022222222222222222222222222222222222222222222222222200002220000022222222222222222222220000012222222222222222222222222220000002222000000222222222222222222222222222222222222222222222222
2222222222222222222222222222222222222222222222222222222222222222222222220000222222222222222222222222222222222222222222222222222000222000002222222222222222222220000000011222222222222222222222200000222220000022222222222222222222222222222222222222222222222222222
2222222222222222222222222222222222222222222222222222222222222222222222220000222222222222222222222222222222222222222222222222200002220000022222222222222222220000000000001222222222222222220000002222000000222222222222222222222222222222222222222222222222222222222
2222222222222222222222222222222222222222222222222222222222222222222222220000222222222222222222222222222222222222222222222222000022000002222222222222222222000000000000002222222222222200000222200000022222222222222222222222222222222222222222222222222222222222222
2222222222222222222222222222222222222222222222222222222222222222222222220000222222222222222222222222222222222222222222222220002200000222222222222222222000000000000000001222222220000002220000002222222222222222222222222222222222222222222222222222222222222222222
2222222222222222222222222222222222222222222222222222222222222222222222200002222222222222222222222222222222222222222222222000022000022222222222222222000000000000000000222222200000222200000222222222222222222222222222222222222222222222222222222222222222222222222
2222222222222222222222222222222222222222222222222222222222222222222222200002222222222222222222222222222222222222222222220000200000222222222222222000000000000000002222222000002220000002222222222222222222222222222222222222222222222222222222222222222222222222222
2222222222222222222222222222222222222222222222222222222222222222222222200002222222222222222222222222222222222222222222200020000022222222222222000000000000000002222200000022000000222222222222222222222222222222222222222222222222222222222222222222222222222222222
2222222222222222222222222222222222222222222222222222222222222222222222200002222222222222222222222222222222222222222222000200002222222222222000000000000000022222000002220000022222222222222222222222222222222222222222222222222222222222222222222222222222222222222
2222222222222222222222222222222222222222222222222222222222222222222222200002222222222222222222222222222222222222222200020000022222222222000000000000000022200000022000000222222222222222222222222222222222222222222222222222222222222222222222222222222222222222222
2222222222222222222222222222222222222222222222222222222222222222222222200022222222222222222222222222222222222222222000000002222222222000000000000000022000002200000022222222222222222222222222222222222222222222222222222222222222222222222222222222222222222222222
2222222222222222222222222222222222222222222222222222222222222222222222200022222222222222222222222222222222222222220000000222222222000000000000000220000020000002222222222222222222222222222222222222222222222222222222222222222222222222222222222222222222222222222
2222222222222222222222222222222222222222222222222222222222222222222222200022222222222222222222222222222222222222000000022222222000000000000000000000200000222222222222222222222222222222222222222222222222222222222222222222222222222222222222222222222222222222222
2222222222222222222222222222222222222222222222222222222222222222222222200022222222222222222222222222222222222220000000222222200000000000000000020000002222222222222222222222222222222222222222222222222222222222222222222222222222222222222222222222222222222222222
2222222222222222222222222222222222222222222222222222222222222222222222200022222222222222222222222222222222222200000022222200000000000001000000000222222222222222222222222222222222222222222222222222222222222222222222222222222222222222222222222222222222222222222
2222222222222222222222222222222222222222222222222222222222222222222222000222222222222222222222222222222222220000002222200000000000000001100022222222222222222222222222222222222222222222222222222222222222222222222222222222222222222222222222222222222222222222222
1102122222222221222222222222222222222222222222222222222222222222222222000222222222222222222222222222222222200000022200000000000000000001122222222222222222222222222222222222222222222222222222222222222222222222222222222222222222222222222222222222222222222222222
1100101111111220112200000000000222222222222222222222222222222222222222100222222222222222222222222222222222000002200000000000000000000000122222222222222222222222222222222222222222222222222222222222222222222222222222222222222222222222222222222222222222222222222
2222000000111111111110000000000222222222222222222222222222222222222222000222222222222222222222222222222200000200000000000000000000002222222222222222222222222222222222222222222222222222222222222222222222222222222222222222222222222222222222222222222222222222222
2222222222200000001111110000000022222222222222222222222222222222222222100222222222222222222222222222211000000000000000000000002222222222222222222222222222222222222222222222222222222222222222222222222222222222222222222222222222222222222222222222222222222222222
2222222222222222201100000111111111122222222222222222222222222222222222102222221111111111111122222222011100000000000000000222222222222222222222222222222222222222222222222222222222222222222222222222222222222222222222222222222222222222222222222222222222222222222
2222222222222222001100000000000111111111110222222222222222222222222221112222220100000000111111111111000000000000000222222222222222222222222222222222222222222222222222222222222222222222222222222222222222222222222222222222222222222222222222222222222222222222222
2222222222222222001100000000000000000000111111111111122222222222222221012222001100000000000000000010000000001022222222222222222222222222222222222222222222222222222222222222222222222222222222222222222222222222222222222222222222222222222222222222222222222222222
2222222222222222200100000000000000000000000000000011111111111122222221012011001100000000000000000000000022222222222222222222222222222222222222222222222222222222222222222222222222222222222222222222222222222222222222222222222222222222222222222222222222222222222
2222222222222222201100000000000000000000000000000011100011111111111111111000011100000000000000000011022222222222222222222222222222222222222222222222222222222222222222222222222222222222222222222222222222222222222222222222222222222222222222222222222222222222222
2222222222222222221100000500000000000000000000000011111110000000000011011100011100000000000000000012222222222222222222222222222222222222222222222222222222222222222222222222222222222222222222222222222222222222222222222222222222222222222222222222222222222222222
2222222222222222220100000000000000000000000000000010001110000000000000001111110000000000000000000012222222222222222222222222222222222222222222222222222222222222222222222222222222222222222222222222222222222222222222222222222222222222222222222222222222222222222
2222222222222222220110000000000000000000000000000000000110000000000000000000000000000000000000000012222222222222222222222222222222222222222222222222222222222222222222222222222222222222222222222222222222222222222222222222222222222222222222222222222222222222222
22222222222222222201000000000000000000000000000000&0000000000000000000000000000000000000000000000012222222222222222222222222222222222222222222222222222222222222222222222222222222222222222222222222222222222222222222222222222222222222222222222222222222222222222
2222222222222222211111000000000000000000000000000000000000000000000000000000000000000000000000000012222222222222222222222222222222222222222222222222222222222222222222222222222222222222222222222222222222222222222222222222222222222222222222222222222222222222222
2222222222220000001111000000000000000000000000000000000000000000000000000000000000000000000000000012222222222222222222222222222222222222222222222222222222222222222222222222222222222222222222222222222222222222222222222222222222222222222222222222222222222222222
2222222222210222222201100000000000000000000000000000000000000000000000000000000000000000000000000012222222222222222222222222222222222222222222222222222222222222222222222222222222222222222222222222222222222222222222222222222222222222222222222222222222222222222
2222222222222222221111100000000000000000000000000000000000000000000000000000000000000000000000000012222222222222222222222222222222222222222222222222222222222222222222222222222222222222222222222222222222222222222222222222222222222222222222222222222222222222222
2222222222222211111100000000000000000000000000000000000000000000000000000000000000000000000000000012222222222222222222222222222222222222222222222222222222222222222222222222222222222222222222222222222222222222222222222222222222222222222222222222222222222222222
2222222222211111100000000000000000000000000000000000000000000000000000000000000000000000000000000012222222222222222222222222222222222222222222222222222222222222222222222222222222222222222222222222222222222222222222222222222222222222222222222222222222222222222
2222222222211100000000000000000000000000000000000000000000000000000000000000000000000000000000000012222222222222222222222222222222222222222222222222222222222222222222222222222222222222222222222222222222222222222222222222222222222222222222222222222222222222222
2222222222211000000000000000000000000000000000000000000000000000000000000000000000000000000000000012222222222222222222222222222222222222222222222222222222222222222222222222222222222222222222222222222222222222222222222222222222222222222222222222222222222222222
2222222222211000000000000000000000000000000000000000000000000000000000000000000000000000000000000012222222222222222222222222222222222222222222222222222222222222222222222222222222222222222222222222222222222222222222222222222222222222222222222222222222222222222
2222222222211000000000000000000000000000000000000000000000000000000000000000000000000000000000000012222222222222222222222222222222222222222222222222222222222222222222222222222222222222222222222222222222222222222222222222222222222222222222222222222222222222222
2222222222221000000000000000000000000000000000000000000000000000000000000000000000000000000000000012222222222222222222222222222222222222222222222222222222222222222222222222222222222222222222222222222222222222222222222222222222222222222222222222222222222222222
2222222222221000000000000000000000000000000000000000000000000000000000000000000000000000000000000012222222222222222222222222222222222222222222222222222222222222222222222222222222222222222222222222222222222222222222222222222222222222222222222222222222222222222
2222222222221100000000000000000000000000000000000000000000000000000000000000000000000000000000000012222222222222222222222222222222222222222222222222222222222222222222222222222222222222222222222222222222222222222222222222222222222222222222222222222222222222222
2222222222221110000000000000000000000000000000000000000000000000000000000000000000000000000000000012222222222222222222222222222222222222222222222222222222222222222222222222222222222222222222222222222222222222222222222222222222222222222222222222222222222222222
2222222222222111000000000000000000000000000000000000000000000000000000000000000000000000000000000012222222222222222222222222222222222222222222222222222222222222222222222222222222222222222222222222222222222222222222222222222222222222222222222222222222222222222
2222222222222211100000000000000000000000000000000000000000000000000000000000000000000000000000000010022222222222222222222222222222222222222222222222222222222222222222222222222222222222222222222222222222222222222222222222222222222222222222222222222222222222222
2222222222222221100000000000000000000000000000000000000000000000000000000000000000000000000000000010011000222222222222222222222222222222222222222222222222222222222222222222222222222222222222222222222222222222222222222222222222222222222222222222222222222222222
2222222222222222110000000000000000000000000000000000000000000000000000000000000000000000000000000000001000000000000022222222222222222222222222222222222222222222222222222222222222222222222222222222222222222222222222222222222222222222222222222222222222222222222
2222222222222222211000000000000000000000000000000000000000000000000000000000000000000000000000000011011000000000000000000000002222222222222222222222222222222222222222222222222222222222222222222222222222222222222222222222222222222222222222222222222222222222222
2222222222222222221100000000000000000000000000000000000000000000000000000000000000000000000000000110001000000000000000000000000000000122222222222222222222222222222222222222222222222222222222222222222222222222222222222222222222222222222222222222222222222222222
2222222222222222221111111111000000000000000000000000000000000011000000000000000000000000000000000110000000000000000000000000000000000222222222222222222222222222222222222222222222222222222222222222222222222222222222222222222222222222222222222222222222222222222
2222222222222222222102121111000000111000000000000000000000000011100000110000000000000000000000001110000000000000000000000000000000020000000000222222222222222222222222222222222222222222222222222222222222222222222222222222222222222222222222222222222222222222222
2222222222222222222222220011011111111111111100000000000000000011110001110000000000000000000000111100000000000000000000000000000000000100022220000000000222222222222222222222222222222222222222222222222222222222222222222222222222222222222222222222222222222222222
2222222222222222222222222010111111121111111111111111111000000011111111110000000000000000000011111220000000000000000000000000000000000000000000002222220000000002222222222222222222222222222222222222222222222222222222222222222222222222222222222222222222222222222
2222222222222222222222220221112222222222221111111111111111111111222212210000000000000000000111212222220000000000000000000000000000000000000000000000000022222200000000002222222222222222222222222222222222222222222222222222222222222222222222222222222222222222222
2222222222222222222222222020112222222222222111120101000021011111222222111000000000000000011122222222222222000000000000000000000000000000000000000000000000000000222222200000000002222222222222222222222222222222222222222222222222222222222222222222222222222222222
2222222222222222222222222121122222222222222122221221111022202022222222111111111100000001112222222222222222222000000000000000000000000000000000000000000000000000000000002222222200000000002222222222222222222222222222222222222222222222222222222222222222222222222
2222222222222222222222222221222222222222222122222222222122220222222222222222111111111011122222222222222222222222000000000000000000000000000000000000000000000000000000000000000222222222200000000002222222222222222222222222222222222222222222222222222222222222222
2222222222222222222222222221222222222222222222222222222222222222222222222222222222211011022222222222222222222222222000000000000000000000000000000000000000000000000000000000000000000002222222222200000000002222222222222222222222222222222222222222222222222222222
2222222222222222222222222221222222222222222222222222222222222222222222222222222222220111122222222222222222222222222222000000000000000000000000000000000000000000000000000000000000000000000000022222222222200000000002222222222222222222222222222222222222222222222
2222222222222222222222222221222222222222222222222222222222222222222222222222222222220002222222222222222222222222222222220000000000000000000000000000000000000000000000000000000000000000020000000000000222222222222200000000022222222222222222222222222222222222222
2222222222222222222222222222222222222222222222222222222222222222222222222222222222220012222222222222222222222222222222222220000000000000000000000000000000000000000000000000000000200000000000002200000000000022222222222222000000000022222222222222222222222222222
2222222222222222222222222222222222222222222222222222222222222222222222222222222222221112222222222222222222222222222222222222220000000000000000000000000000000000000000000000000000000000220000001100022222200000000000222222222222222000012222222222222222222222222
2222222222222222222222222222222222222222222222222222222222222222222222222222222222221112222222222222222222222222222222222222222220000000000000000000000000000000000000000000000000002000000000022200000000002222222000000000002222222222222222222222222222222222222
2222222222222222222222222222222222222222222222222222222222222222222222222222222222222222222222222222222222222222222222222222222222220000000000000000000000000000000000000000000000100000022000011222222220000000000222222222000000000022222222222222222222222222222
2222222222222222222222222222222222222222222222222222222222222222222222222222222222222222222222222222222222222222222222222222222222222220000000000000000000000000000000000000000000100000000100222222222222222222200000000022222222220000122222222222222222222222222
2222222222222222222222222222222222222222222222222222222222222222222222222222222222222222222222222222222222222222222222222222222222222222220000000000000000000000000000000000000001100000000000011222222222222222222222222000000002222222222222222222222222222222222
2222222222222222222222222222222222222222222222222222222222222222222222222222222222222222222222222222222222222222222222222222222222222222222200000000000000000000000000000000000001000000001100022222222222222222222222222222222200000000022222222222222222222222222
2222222222222222222222222222222222222222222222222222222222222222222222222222222222222222222222222222222222222222222222222222222222222222222222200000000000000000000000000000000001000000001000012222222222222222222222222222222222222200122222222222222222222222222
2222222222222222222222222222222222222222222222222222222222222222222222222222222222222222222222222222222222222222222222222222222222222222222222222200000000000000000000000000000001222200011222212222222222222222222222222222222222222222222222222222222222222222222
2222222222222222222222222222222222222222222222222222222222222222222222222222222222222222222222222222222222222222222222222222222222222222222222222222200000000000000000000000000011222222222222222222222222222222222222222222222222222222222222222222222222222222222
2222222222222222222222222222222222222222222222222222222222222222222222222222222222222222222222222222222222222222222222222222222222222222222222222222222200000000000000000000010001222222222222222222222222222222222222222222222222222222222222222222222222222222222
2222222222222222222222222222222222222222222222222222222222222222222222222222222222222222222222222222222222222222222222222222222222222222222222222222222222200000000000000000000010000222222222222222222222222222222222222222222222222222222222222222222222222222222
2222222222222222222222222222222222222222222222222222222222222222222222222222222222222222222222222222222222222222222222222222222222222222222222222222222222222200000000000000000011000000022222222222222222222222222222222222222222222222222222222222222222222222222
2222222222222222222222222222222222222222222222222222222222222222222222222222222222222222222222222222222222222222222222222222222222222222222222222222222222222222000000000000000020000002000022222222222222222222222222222222222222222222222222222222222222222222222
2222222222222222222222222222222222222222222222222222222222222222222222222222222222222222222222222222222222222222222222222222222222222222222222222222222222222222222000000000020000020000002000022222222222222222222222222222222222222222222222222222222222222222222
2222222222222222222222222222222222222222222222222222222222222222222222222222222222222222222222222222222222222222222222222222222222222222222222222222222222222222222222000000000220000020000002000002222222222222222222222222222222222222222222222222222222222222222
2222222222222222222222222222222222222222222222222222222222222222222222222222222222222222222222222222222222222222222222222222222222222222222222222222222222222222222222222000000000220000022000000200002222222222222222222222222222222222222222222222222222222222222
2222222222222222222222222222222222222222222222222222222222222222222222222222222222222222222222222222222222222222222222222222222222222222222222222222222222222222222222222222000000000220000022000000200000222222222222222222222222222222222222222222222222222222222
2222222222222222222222222222222222222222222222222222222222222222222222222222222222222222222222222222222222222222222222222222222222222222222222222222222222222222222222222222220000000000220000022000000220000222222222222222222222222222222222222222222222222222222
2222222222222222222222222222222222222222222222222222222222222222222222222222222222222222222222222222222222222222222222222222222222222222222222222222222222222222222222222222222220000200000220000022000000220012222222222222222222222222222222222222222222222222222
2222222222222222222222222222222222222222222222222222222222222222222222222222222222222222222222222222222222222222222222222222222222222222222222222222222222222222222222222222222222220000200000220000002000000222222222222222222222222222222222222222222222222222222
2222222222222222222222222222222222222222222222222222222222222222222222222222222222222222222222222222222222222222222222222222222222222222222222222222222222222222222222222222222222222220000000000220000002200122222222222222222222222222222222222222222222222222222
2222222222222222222222222222222222222222222222222222222222222222222222222222222222222222222222222222222222222222222222222222222222222222222222222222222222222222222222222222222222222222200000000000220000002222222222222222222222222222222222222222222222222222222
2222222222222222222222222222222222222222222222222222222222222222222222222222222222222222222222222222222222222222222222222222222222222222222222222222222222222222222222222222222222222222222200000000000222001122222222222222222222222222222222222222222222222222222
2222222222222222222222222222222222222222222222222222222222222222222222222222222222222222222222222222222222222222222222222222222222222222222222222222222222222222222222222222222222222222222222200000000000222222222222222222222222222222222222222222222222222222222
2222222222222222222222222222222222222222222222222222222222222222222222222222222222222222222222222222222222222222222222222222222222222222222222222222222222222222222222222222222222222222222222222200000000012222222222222222222222222222222222222222222222222222222
2222222222222222222222222222222222222222222222222222222222222222222222222222222222222222222222222222222222222222222222222222222222222222222222222222222222222222222222222222222222222222222222222222200002122222222222222222222222222222222222222222222222222222222
2222222222222222222222222222222222222222222222222222222222222222222222222222222222222222222222222222222222222222222222222222222222222222222222222222222222222222222222222222222222222222222222222222222000122222222222222222222222222222222222222222222222222222222